mc1=0.386792
mc2=0.148925
pd1=0.702213
pd2=0.204078
