mc1=0.497230
mc2=0.073998
pd1=0.647262
pd2=0.272323

mc1=0.372737
mc2=0.029874
pd1=0.269227
pd2=0.215453
