mc1=0.317823
mc2=0.796139
pd1=0.589055
pd2=0.898753
