mc1=0.642712
mc2=0.981739
pd1=0.198145
pd2=0.629498
