mc1=0.368518
mc2=0.314906
pd1=0.472743
pd2=0.299747
