mc1=0.464283
mc2=0.180925
pd1=0.485352
pd2=0.489149
