mc1=0.674508
mc2=0.876159
pd1=0.871302
pd2=0.829375
