mc1=0.150756
mc2=0.669541
pd1=0.619715
pd2=0.095948
