mc1=0.376130
mc2=0.305828
pd1=0.560899
pd2=0.269307
