mc1=0.886585
mc2=0.523530
pd1=0.138765
pd2=0.300005
