mc1=0.886248
mc2=0.564927
pd1=0.726495
pd2=0.441907
