mc1=0.143309
mc2=0.119418
pd1=0.898432
pd2=0.187355
