mc1=0.096680
mc2=0.380415
pd1=0.489419
pd2=0.288532
