mc1=0.585392
mc2=0.662056
pd1=0.572985
pd2=0.344873
