mc1=0.941706
mc2=0.930108
pd1=0.773299
pd2=0.266610
