mc1=0.759825
mc2=0.489904
pd1=0.258707
pd2=0.925068
