mc1=0.782142
mc2=0.817084
pd1=0.289443
pd2=0.126761
